10
0 55
0 -90
-10 -89
-20 -88
-30 -85
-40 -81
-49 -76
-57 -70
-65 -63
-71 -55
-77 -46
-82 -37
-86 -28
-88 -18
-90 -8
-90 3
-89 13
-87 23
-84 33
-80 42
-74 51
-68 59
-61 66
-53 73
-44 78
-35 83
-25 86
-15 89
-5 90
5 90
15 89
25 86
35 83
44 78
53 73
61 66
68 59
74 51
80 42
84 33
87 23
89 13
90 3
90 -8
88 -18
86 -28
82 -37
77 -46
71 -55
65 -63
57 -70
49 -76
40 -81
30 -85
20 -88
10 -89
10 32
13 -72
-3 -72
-17 -69
-31 -63
-44 -55
-55 -44
-63 -31
-69 -17
-72 -3
-72 13
-69 27
-63 41
-55 54
-44 65
-31 73
-17 79
-3 82
13 82
27 79
41 73
54 65
65 54
73 41
79 27
82 13
82 -3
79 -17
73 -31
65 -44
54 -55
41 -63
27 -69
18 23
10 -47
-5 -45
-20 -39
-32 -29
-41 -16
-46 -2
-47 14
-44 29
-37 43
-26 54
-13 62
2 66
18 66
33 62
46 54
57 43
64 29
67 14
66 -2
61 -16
52 -29
40 -39
25 -45
24 21
15 -35
0 -33
-13 -26
-24 -16
-32 -3
-35 11
-34 26
-28 40
-19 52
-7 60
8 64
22 64
37 60
49 52
58 40
64 26
65 11
62 -3
54 -16
43 -26
30 -33
32 14
28 -14
12 -14
-2 -7
-12 5
-15 20
-12 35
-2 47
12 54
28 54
42 47
52 35
55 20
52 5
42 -7
40 9
25 -2
8 4
-2 20
2 38
16 50
34 50
48 39
52 20
42 4
47 8
39 8
21 8
8 21
8 39
21 52
39 52
52 39
52 21
55 6
45 18
25 18
15 35
25 52
45 52
55 35
61 4
51 29
29 29
29 51
51 51
65 1
45 45
