20

0 256 

1 -100
-1 -100
-4 -100
-6 -100
-9 -100
-11 -99
-13 -99
-16 -99
-18 -98
-21 -98
-23 -97
-25 -97
-28 -96
-30 -95
-33 -95
-35 -94
-37 -93
-39 -92
-42 -91
-44 -90
-46 -89
-48 -88
-50 -86
-52 -85
-55 -84
-57 -82
-59 -81
-61 -80
-62 -78
-64 -77
-66 -75
-68 -73
-70 -72
-72 -70
-73 -68
-75 -66
-77 -64
-78 -62
-80 -61
-81 -59
-82 -57
-84 -55
-85 -52
-86 -50
-88 -48
-89 -46
-90 -44
-91 -42
-92 -39
-93 -37
-94 -35
-95 -33
-95 -30
-96 -28
-97 -25
-97 -23
-98 -21
-98 -18
-99 -16
-99 -13
-99 -11
-100 -9
-100 -6
-100 -4
-100 -1
-100 1
-100 4
-100 6
-100 9
-99 11
-99 13
-99 16
-98 18
-98 21
-97 23
-97 25
-96 28
-95 30
-95 33
-94 35
-93 37
-92 39
-91 42
-90 44
-89 46
-88 48
-86 50
-85 52
-84 55
-82 57
-81 59
-80 61
-78 62
-77 64
-75 66
-73 68
-72 70
-70 72
-68 73
-66 75
-64 77
-62 78
-61 80
-59 81
-57 82
-55 84
-52 85
-50 86
-48 88
-46 89
-44 90
-42 91
-39 92
-37 93
-35 94
-33 95
-30 95
-28 96
-25 97
-23 97
-21 98
-18 98
-16 99
-13 99
-11 99
-9 100
-6 100
-4 100
-1 100
1 100
4 100
6 100
9 100
11 99
13 99
16 99
18 98
21 98
23 97
25 97
28 96
30 95
33 95
35 94
37 93
39 92
42 91
44 90
46 89
48 88
50 86
52 85
55 84
57 82
59 81
61 80
62 78
64 77
66 75
68 73
70 72
72 70
73 68
75 66
77 64
78 62
80 61
81 59
82 57
84 55
85 52
86 50
88 48
89 46
90 44
91 42
92 39
93 37
94 35
95 33
95 30
96 28
97 25
97 23
98 21
98 18
99 16
99 13
99 11
100 9
100 6
100 4
100 1
100 -1
100 -4
100 -6
100 -9
99 -11
99 -13
99 -16
98 -18
98 -21
97 -23
97 -25
96 -28
95 -30
95 -33
94 -35
93 -37
92 -39
91 -42
90 -44
89 -46
88 -48
86 -50
85 -52
84 -55
82 -57
81 -59
80 -61
78 -62
77 -64
75 -66
73 -68
72 -70
70 -72
68 -73
66 -75
64 -77
62 -78
61 -80
59 -81
57 -82
55 -84
52 -85
50 -86
48 -88
46 -89
44 -90
42 -91
39 -92
37 -93
35 -94
33 -95
30 -95
28 -96
25 -97
23 -97
21 -98
18 -98
16 -99
13 -99
11 -99
9 -100
6 -100
4 -100

20 256 

1 -100
-1 -100
-4 -100
-6 -100
-9 -100
-11 -99
-13 -99
-16 -99
-18 -98
-21 -98
-23 -97
-25 -97
-28 -96
-30 -95
-33 -95
-35 -94
-37 -93
-39 -92
-42 -91
-44 -90
-46 -89
-48 -88
-50 -86
-52 -85
-55 -84
-57 -82
-59 -81
-61 -80
-62 -78
-64 -77
-66 -75
-68 -73
-70 -72
-72 -70
-73 -68
-75 -66
-77 -64
-78 -62
-80 -61
-81 -59
-82 -57
-84 -55
-85 -52
-86 -50
-88 -48
-89 -46
-90 -44
-91 -42
-92 -39
-93 -37
-94 -35
-95 -33
-95 -30
-96 -28
-97 -25
-97 -23
-98 -21
-98 -18
-99 -16
-99 -13
-99 -11
-100 -9
-100 -6
-100 -4
-100 -1
-100 1
-100 4
-100 6
-100 9
-99 11
-99 13
-99 16
-98 18
-98 21
-97 23
-97 25
-96 28
-95 30
-95 33
-94 35
-93 37
-92 39
-91 42
-90 44
-89 46
-88 48
-86 50
-85 52
-84 55
-82 57
-81 59
-80 61
-78 62
-77 64
-75 66
-73 68
-72 70
-70 72
-68 73
-66 75
-64 77
-62 78
-61 80
-59 81
-57 82
-55 84
-52 85
-50 86
-48 88
-46 89
-44 90
-42 91
-39 92
-37 93
-35 94
-33 95
-30 95
-28 96
-25 97
-23 97
-21 98
-18 98
-16 99
-13 99
-11 99
-9 100
-6 100
-4 100
-1 100
1 100
4 100
6 100
9 100
11 99
13 99
16 99
18 98
21 98
23 97
25 97
28 96
30 95
33 95
35 94
37 93
39 92
42 91
44 90
46 89
48 88
50 86
52 85
55 84
57 82
59 81
61 80
62 78
64 77
66 75
68 73
70 72
72 70
73 68
75 66
77 64
78 62
80 61
81 59
82 57
84 55
85 52
86 50
88 48
89 46
90 44
91 42
92 39
93 37
94 35
95 33
95 30
96 28
97 25
97 23
98 21
98 18
99 16
99 13
99 11
100 9
100 6
100 4
100 1
100 -1
100 -4
100 -6
100 -9
99 -11
99 -13
99 -16
98 -18
98 -21
97 -23
97 -25
96 -28
95 -30
95 -33
94 -35
93 -37
92 -39
91 -42
90 -44
89 -46
88 -48
86 -50
85 -52
84 -55
82 -57
81 -59
80 -61
78 -62
77 -64
75 -66
73 -68
72 -70
70 -72
68 -73
66 -75
64 -77
62 -78
61 -80
59 -81
57 -82
55 -84
52 -85
50 -86
48 -88
46 -89
44 -90
42 -91
39 -92
37 -93
35 -94
33 -95
30 -95
28 -96
25 -97
23 -97
21 -98
18 -98
16 -99
13 -99
11 -99
9 -100
6 -100
4 -100

25 256 

1 -95
-1 -95
-3 -95
-6 -95
-8 -95
-10 -94
-13 -94
-15 -94
-17 -93
-20 -93
-22 -92
-24 -92
-26 -91
-29 -91
-31 -90
-33 -89
-35 -88
-37 -87
-40 -86
-42 -85
-44 -84
-46 -83
-48 -82
-50 -81
-52 -80
-54 -78
-56 -77
-58 -76
-59 -74
-61 -73
-63 -71
-65 -70
-66 -68
-68 -66
-70 -65
-71 -63
-73 -61
-74 -59
-76 -58
-77 -56
-78 -54
-80 -52
-81 -50
-82 -48
-83 -46
-84 -44
-85 -42
-86 -40
-87 -37
-88 -35
-89 -33
-90 -31
-91 -29
-91 -26
-92 -24
-92 -22
-93 -20
-93 -17
-94 -15
-94 -13
-94 -10
-95 -8
-95 -6
-95 -3
-95 -1
-95 1
-95 3
-95 6
-95 8
-94 10
-94 13
-94 15
-93 17
-93 20
-92 22
-92 24
-91 26
-91 29
-90 31
-89 33
-88 35
-87 37
-86 40
-85 42
-84 44
-83 46
-82 48
-81 50
-80 52
-78 54
-77 56
-76 58
-74 59
-73 61
-71 63
-70 65
-68 66
-66 68
-65 70
-63 71
-61 73
-59 74
-58 76
-56 77
-54 78
-52 80
-50 81
-48 82
-46 83
-44 84
-42 85
-40 86
-37 87
-35 88
-33 89
-31 90
-29 91
-26 91
-24 92
-22 92
-20 93
-17 93
-15 94
-13 94
-10 94
-8 95
-6 95
-3 95
-1 95
1 95
3 95
6 95
8 95
10 94
13 94
15 94
17 93
20 93
22 92
24 92
26 91
29 91
31 90
33 89
35 88
37 87
40 86
42 85
44 84
46 83
48 82
50 81
52 80
54 78
56 77
58 76
59 74
61 73
63 71
65 70
66 68
68 66
70 65
71 63
73 61
74 59
76 58
77 56
78 54
80 52
81 50
82 48
83 46
84 44
85 42
86 40
87 37
88 35
89 33
90 31
91 29
91 26
92 24
92 22
93 20
93 17
94 15
94 13
94 10
95 8
95 6
95 3
95 1
95 -1
95 -3
95 -6
95 -8
94 -10
94 -13
94 -15
93 -17
93 -20
92 -22
92 -24
91 -26
91 -29
90 -31
89 -33
88 -35
87 -37
86 -40
85 -42
84 -44
83 -46
82 -48
81 -50
80 -52
78 -54
77 -56
76 -58
74 -59
73 -61
71 -63
70 -65
68 -66
66 -68
65 -70
63 -71
61 -73
59 -74
58 -76
56 -77
54 -78
52 -80
50 -81
48 -82
46 -83
44 -84
42 -85
40 -86
37 -87
35 -88
33 -89
31 -90
29 -91
26 -91
24 -92
22 -92
20 -93
17 -93
15 -94
13 -94
10 -94
8 -95
6 -95
3 -95

30 356 

1 -100
-1 -100
-4 -100
-6 -100
-9 -100
-11 -99
-13 -99
-16 -99
-18 -98
-21 -98
-23 -97
-25 -97
-28 -96
-30 -95
-33 -95
-35 -94
-37 -93
-39 -92
-42 -91
-44 -90
-46 -89
-48 -88
-50 -86
-52 -85
-55 -84
-57 -82
-59 -81
-61 -80
-62 -78
-64 -77
-66 -75
-68 -73
-70 -72
-72 -70
-73 -68
-75 -66
-77 -64
-78 -62
-80 -61
-81 -59
-82 -57
-84 -55
-85 -52
-86 -50
-88 -48
-89 -46
-90 -44
-91 -42
-92 -39
-93 -37
-94 -35
-95 -33
-95 -30
-96 -28
-97 -25
-97 -23
-98 -21
-98 -18
-99 -16
-99 -13
-99 -11
-100 -9
-100 -6
-100 -4
-100 -1
-100 1
-100 4
-100 6
-100 9
-99 11
-99 13
-99 16
-98 18
-98 21
-97 23
-97 25
-96 28
-95 30
-95 33
-94 35
-93 37
-92 39
-91 42
-90 44
-89 46
-88 48
-86 50
-85 52
-84 55
-82 57
-81 59
-80 61
-78 62
-77 64
-75 66
-73 68
-72 70
-70 72
-68 73
-66 75
-64 77
-62 78
-61 80
-59 81
-57 82
-55 84
-52 85
-50 86
-48 88
-46 89
-44 90
-42 91
-39 92
-37 93
-35 94
-33 95
-30 95
-28 96
-25 97
-23 97
-21 98
-18 98
-16 99
-13 99
-11 99
-9 100
-6 100
-4 100
-1 100
1 100
4 100
6 100
9 100
11 99
13 99
16 99
18 98
21 98
23 97
25 97
28 96
30 95
33 95
35 94
37 93
39 92
42 91
44 90
46 89
48 88
50 86
52 85
55 84
57 82
59 81
61 80
62 78
64 77
66 75
68 73
70 72
72 70
73 68
75 66
77 64
78 62
80 61
81 59
82 57
84 55
85 52
86 50
88 48
89 46
90 44
91 42
92 39
93 37
94 35
95 33
95 30
96 28
97 25
97 23
98 21
98 18
99 16
99 13
99 11
100 9
100 6
100 4
100 1
100 -1
100 -4
100 -6
100 -9
99 -11
99 -13
99 -16
98 -18
98 -21
97 -23
97 -25
96 -28
95 -30
95 -33
94 -35
93 -37
92 -39
91 -42
90 -44
89 -46
88 -48
86 -50
85 -52
84 -55
82 -57
81 -59
80 -61
78 -62
77 -64
75 -66
73 -68
72 -70
70 -72
68 -73
66 -75
64 -77
62 -78
61 -80
59 -81
57 -82
55 -84
52 -85
50 -86
48 -88
46 -89
44 -90
42 -91
39 -92
37 -93
35 -94
33 -95
30 -95
28 -96
25 -97
23 -97
21 -98
18 -98
16 -99
13 -99
11 -99
9 -100
6 -100
4 -100

35 256 

1 -100
-1 -100
-4 -100
-6 -100
-9 -100
-11 -99
-13 -99
-16 -99
-18 -98
-21 -98
-23 -97
-25 -97
-28 -96
-30 -95
-33 -95
-35 -94
-37 -93
-39 -92
-42 -91
-44 -90
-46 -89
-48 -88
-50 -86
-52 -85
-55 -84
-57 -82
-59 -81
-61 -80
-62 -78
-64 -77
-66 -75
-68 -73
-70 -72
-72 -70
-73 -68
-75 -66
-77 -64
-78 -62
-80 -61
-81 -59
-82 -57
-84 -55
-85 -52
-86 -50
-88 -48
-89 -46
-90 -44
-91 -42
-92 -39
-93 -37
-94 -35
-95 -33
-95 -30
-96 -28
-97 -25
-97 -23
-98 -21
-98 -18
-99 -16
-99 -13
-99 -11
-100 -9
-100 -6
-100 -4
-100 -1
-100 1
-100 4
-100 6
-100 9
-99 11
-99 13
-99 16
-98 18
-98 21
-97 23
-97 25
-96 28
-95 30
-95 33
-94 35
-93 37
-92 39
-91 42
-90 44
-89 46
-88 48
-86 50
-85 52
-84 55
-82 57
-81 59
-80 61
-78 62
-77 64
-75 66
-73 68
-72 70
-70 72
-68 73
-66 75
-64 77
-62 78
-61 80
-59 81
-57 82
-55 84
-52 85
-50 86
-48 88
-46 89
-44 90
-42 91
-39 92
-37 93
-35 94
-33 95
-30 95
-28 96
-25 97
-23 97
-21 98
-18 98
-16 99
-13 99
-11 99
-9 100
-6 100
-4 100
-1 100
1 100
4 100
6 100
9 100
11 99
13 99
16 99
18 98
21 98
23 97
25 97
28 96
30 95
33 95
35 94
37 93
39 92
42 91
44 90
46 89
48 88
50 86
52 85
55 84
57 82
59 81
61 80
62 78
64 77
66 75
68 73
70 72
72 70
73 68
75 66
77 64
78 62
80 61
81 59
82 57
84 55
85 52
86 50
88 48
89 46
90 44
91 42
92 39
93 37
94 35
95 33
95 30
96 28
97 25
97 23
98 21
98 18
99 16
99 13
99 11
100 9
100 6
100 4
100 1
100 -1
100 -4
100 -6
100 -9
99 -11
99 -13
99 -16
98 -18
98 -21
97 -23
97 -25
96 -28
95 -30
95 -33
94 -35
93 -37
92 -39
91 -42
90 -44
89 -46
88 -48
86 -50
85 -52
84 -55
82 -57
81 -59
80 -61
78 -62
77 -64
75 -66
73 -68
72 -70
70 -72
68 -73
66 -75
64 -77
62 -78
61 -80
59 -81
57 -82
55 -84
52 -85
50 -86
48 -88
46 -89
44 -90
42 -91
39 -92
37 -93
35 -94
33 -95
30 -95
28 -96
25 -97
23 -97
21 -98
18 -98
16 -99
13 -99
11 -99
9 -100
6 -100
4 -100

45 256 

1 -90
-1 -90
-3 -90
-6 -90
-8 -90
-10 -89
-12 -89
-14 -89
-16 -88
-19 -88
-21 -88
-23 -87
-25 -86
-27 -86
-29 -85
-31 -84
-33 -84
-35 -83
-37 -82
-39 -81
-41 -80
-43 -79
-45 -78
-47 -77
-49 -75
-51 -74
-53 -73
-54 -72
-56 -70
-58 -69
-60 -67
-61 -66
-63 -64
-64 -63
-66 -61
-67 -60
-69 -58
-70 -56
-72 -54
-73 -53
-74 -51
-75 -49
-77 -47
-78 -45
-79 -43
-80 -41
-81 -39
-82 -37
-83 -35
-84 -33
-84 -31
-85 -29
-86 -27
-86 -25
-87 -23
-88 -21
-88 -19
-88 -16
-89 -14
-89 -12
-89 -10
-90 -8
-90 -6
-90 -3
-90 -1
-90 1
-90 3
-90 6
-90 8
-89 10
-89 12
-89 14
-88 16
-88 19
-88 21
-87 23
-86 25
-86 27
-85 29
-84 31
-84 33
-83 35
-82 37
-81 39
-80 41
-79 43
-78 45
-77 47
-75 49
-74 51
-73 53
-72 54
-70 56
-69 58
-67 60
-66 61
-64 63
-63 64
-61 66
-60 67
-58 69
-56 70
-54 72
-53 73
-51 74
-49 75
-47 77
-45 78
-43 79
-41 80
-39 81
-37 82
-35 83
-33 84
-31 84
-29 85
-27 86
-25 86
-23 87
-21 88
-19 88
-16 88
-14 89
-12 89
-10 89
-8 90
-6 90
-3 90
-1 90
1 90
3 90
6 90
8 90
10 89
12 89
14 89
16 88
19 88
21 88
23 87
25 86
27 86
29 85
31 84
33 84
35 83
37 82
39 81
41 80
43 79
45 78
47 77
49 75
51 74
53 73
54 72
56 70
58 69
60 67
61 66
63 64
64 63
66 61
67 60
69 58
70 56
72 54
73 53
74 51
75 49
77 47
78 45
79 43
80 41
81 39
82 37
83 35
84 33
84 31
85 29
86 27
86 25
87 23
88 21
88 19
88 16
89 14
89 12
89 10
90 8
90 6
90 3
90 1
90 -1
90 -3
90 -6
90 -8
89 -10
89 -12
89 -14
88 -16
88 -19
88 -21
87 -23
86 -25
86 -27
85 -29
84 -31
84 -33
83 -35
82 -37
81 -39
80 -41
79 -43
78 -45
77 -47
75 -49
74 -51
73 -53
72 -54
70 -56
69 -58
67 -60
66 -61
64 -63
63 -64
61 -66
60 -67
58 -69
56 -70
54 -72
53 -73
51 -74
49 -75
47 -77
45 -78
43 -79
41 -80
39 -81
37 -82
35 -83
33 -84
31 -84
29 -85
27 -86
25 -86
23 -87
21 -88
19 -88
16 -88
14 -89
12 -89
10 -89
8 -90
6 -90
3 -90

55 256 

1 -85
-1 -85
-3 -85
-5 -85
-7 -85
-9 -84
-11 -84
-14 -84
-16 -84
-18 -83
-20 -83
-22 -82
-24 -82
-26 -81
-28 -80
-30 -80
-32 -79
-33 -78
-35 -77
-37 -76
-39 -75
-41 -74
-43 -73
-45 -72
-46 -71
-48 -70
-50 -69
-51 -68
-53 -66
-55 -65
-56 -64
-58 -62
-59 -61
-61 -59
-62 -58
-64 -56
-65 -55
-66 -53
-68 -51
-69 -50
-70 -48
-71 -46
-72 -45
-73 -43
-74 -41
-75 -39
-76 -37
-77 -35
-78 -33
-79 -32
-80 -30
-80 -28
-81 -26
-82 -24
-82 -22
-83 -20
-83 -18
-84 -16
-84 -14
-84 -11
-84 -9
-85 -7
-85 -5
-85 -3
-85 -1
-85 1
-85 3
-85 5
-85 7
-84 9
-84 11
-84 14
-84 16
-83 18
-83 20
-82 22
-82 24
-81 26
-80 28
-80 30
-79 32
-78 33
-77 35
-76 37
-75 39
-74 41
-73 43
-72 45
-71 46
-70 48
-69 50
-68 51
-66 53
-65 55
-64 56
-62 58
-61 59
-59 61
-58 62
-56 64
-55 65
-53 66
-51 68
-50 69
-48 70
-46 71
-45 72
-43 73
-41 74
-39 75
-37 76
-35 77
-33 78
-32 79
-30 80
-28 80
-26 81
-24 82
-22 82
-20 83
-18 83
-16 84
-14 84
-11 84
-9 84
-7 85
-5 85
-3 85
-1 85
1 85
3 85
5 85
7 85
9 84
11 84
14 84
16 84
18 83
20 83
22 82
24 82
26 81
28 80
30 80
32 79
33 78
35 77
37 76
39 75
41 74
43 73
45 72
46 71
48 70
50 69
51 68
53 66
55 65
56 64
58 62
59 61
61 59
62 58
64 56
65 55
66 53
68 51
69 50
70 48
71 46
72 45
73 43
74 41
75 39
76 37
77 35
78 33
79 32
80 30
80 28
81 26
82 24
82 22
83 20
83 18
84 16
84 14
84 11
84 9
85 7
85 5
85 3
85 1
85 -1
85 -3
85 -5
85 -7
84 -9
84 -11
84 -14
84 -16
83 -18
83 -20
82 -22
82 -24
81 -26
80 -28
80 -30
79 -32
78 -33
77 -35
76 -37
75 -39
74 -41
73 -43
72 -45
71 -46
70 -48
69 -50
68 -51
66 -53
65 -55
64 -56
62 -58
61 -59
59 -61
58 -62
56 -64
55 -65
53 -66
51 -68
50 -69
48 -70
46 -71
45 -72
43 -73
41 -74
39 -75
37 -76
35 -77
33 -78
32 -79
30 -80
28 -80
26 -81
24 -82
22 -82
20 -83
18 -83
16 -84
14 -84
11 -84
9 -84
7 -85
5 -85
3 -85

65 256 

1 -80
-1 -80
-3 -80
-5 -80
-7 -80
-9 -80
-11 -79
-13 -79
-15 -79
-17 -78
-18 -78
-20 -77
-22 -77
-24 -76
-26 -76
-28 -75
-30 -74
-32 -74
-33 -73
-35 -72
-37 -71
-39 -70
-40 -69
-42 -68
-44 -67
-45 -66
-47 -65
-48 -64
-50 -62
-52 -61
-53 -60
-54 -59
-56 -57
-57 -56
-59 -54
-60 -53
-61 -52
-62 -50
-64 -48
-65 -47
-66 -45
-67 -44
-68 -42
-69 -40
-70 -39
-71 -37
-72 -35
-73 -33
-74 -32
-74 -30
-75 -28
-76 -26
-76 -24
-77 -22
-77 -20
-78 -18
-78 -17
-79 -15
-79 -13
-79 -11
-80 -9
-80 -7
-80 -5
-80 -3
-80 -1
-80 1
-80 3
-80 5
-80 7
-80 9
-79 11
-79 13
-79 15
-78 17
-78 18
-77 20
-77 22
-76 24
-76 26
-75 28
-74 30
-74 32
-73 33
-72 35
-71 37
-70 39
-69 40
-68 42
-67 44
-66 45
-65 47
-64 48
-62 50
-61 52
-60 53
-59 54
-57 56
-56 57
-54 59
-53 60
-52 61
-50 62
-48 64
-47 65
-45 66
-44 67
-42 68
-40 69
-39 70
-37 71
-35 72
-33 73
-32 74
-30 74
-28 75
-26 76
-24 76
-22 77
-20 77
-18 78
-17 78
-15 79
-13 79
-11 79
-9 80
-7 80
-5 80
-3 80
-1 80
1 80
3 80
5 80
7 80
9 80
11 79
13 79
15 79
17 78
18 78
20 77
22 77
24 76
26 76
28 75
30 74
32 74
33 73
35 72
37 71
39 70
40 69
42 68
44 67
45 66
47 65
48 64
50 62
52 61
53 60
54 59
56 57
57 56
59 54
60 53
61 52
62 50
64 48
65 47
66 45
67 44
68 42
69 40
70 39
71 37
72 35
73 33
74 32
74 30
75 28
76 26
76 24
77 22
77 20
78 18
78 17
79 15
79 13
79 11
80 9
80 7
80 5
80 3
80 1
80 -1
80 -3
80 -5
80 -7
80 -9
79 -11
79 -13
79 -15
78 -17
78 -18
77 -20
77 -22
76 -24
76 -26
75 -28
74 -30
74 -32
73 -33
72 -35
71 -37
70 -39
69 -40
68 -42
67 -44
66 -45
65 -47
64 -48
62 -50
61 -52
60 -53
59 -54
57 -56
56 -57
54 -59
53 -60
52 -61
50 -62
48 -64
47 -65
45 -66
44 -67
42 -68
40 -69
39 -70
37 -71
35 -72
33 -73
32 -74
30 -74
28 -75
26 -76
24 -76
22 -77
20 -77
18 -78
17 -78
15 -79
13 -79
11 -79
9 -80
7 -80
5 -80
3 -80

68 256 

1 -50
-1 -50
-2 -50
-3 -50
-4 -50
-6 -50
-7 -50
-8 -49
-9 -49
-10 -49
-12 -49
-13 -48
-14 -48
-15 -48
-16 -47
-17 -47
-19 -46
-20 -46
-21 -45
-22 -45
-23 -44
-24 -44
-25 -43
-26 -43
-27 -42
-28 -41
-29 -41
-30 -40
-31 -39
-32 -38
-33 -37
-34 -37
-35 -36
-36 -35
-37 -34
-37 -33
-38 -32
-39 -31
-40 -30
-41 -29
-41 -28
-42 -27
-43 -26
-43 -25
-44 -24
-44 -23
-45 -22
-45 -21
-46 -20
-46 -19
-47 -17
-47 -16
-48 -15
-48 -14
-48 -13
-49 -12
-49 -10
-49 -9
-49 -8
-50 -7
-50 -6
-50 -4
-50 -3
-50 -2
-50 -1
-50 1
-50 2
-50 3
-50 4
-50 6
-50 7
-49 8
-49 9
-49 10
-49 12
-48 13
-48 14
-48 15
-47 16
-47 17
-46 19
-46 20
-45 21
-45 22
-44 23
-44 24
-43 25
-43 26
-42 27
-41 28
-41 29
-40 30
-39 31
-38 32
-37 33
-37 34
-36 35
-35 36
-34 37
-33 37
-32 38
-31 39
-30 40
-29 41
-28 41
-27 42
-26 43
-25 43
-24 44
-23 44
-22 45
-21 45
-20 46
-19 46
-17 47
-16 47
-15 48
-14 48
-13 48
-12 49
-10 49
-9 49
-8 49
-7 50
-6 50
-4 50
-3 50
-2 50
-1 50
1 50
2 50
3 50
4 50
6 50
7 50
8 49
9 49
10 49
12 49
13 48
14 48
15 48
16 47
17 47
19 46
20 46
21 45
22 45
23 44
24 44
25 43
26 43
27 42
28 41
29 41
30 40
31 39
32 38
33 37
34 37
35 36
36 35
37 34
37 33
38 32
39 31
40 30
41 29
41 28
42 27
43 26
43 25
44 24
44 23
45 22
45 21
46 20
46 19
47 17
47 16
48 15
48 14
48 13
49 12
49 10
49 9
49 8
50 7
50 6
50 4
50 3
50 2
50 1
50 -1
50 -2
50 -3
50 -4
50 -6
50 -7
49 -8
49 -9
49 -10
49 -12
48 -13
48 -14
48 -15
47 -16
47 -17
46 -19
46 -20
45 -21
45 -22
44 -23
44 -24
43 -25
43 -26
42 -27
41 -28
41 -29
40 -30
39 -31
38 -32
37 -33
37 -34
36 -35
35 -36
34 -37
33 -37
32 -38
31 -39
30 -40
29 -41
28 -41
27 -42
26 -43
25 -43
24 -44
23 -44
22 -45
21 -45
20 -46
19 -46
17 -47
16 -47
15 -48
14 -48
13 -48
12 -49
10 -49
9 -49
8 -49
7 -50
6 -50
4 -50
3 -50
2 -50

98 256 

1 -50
-1 -50
-2 -50
-3 -50
-4 -50
-6 -50
-7 -50
-8 -49
-9 -49
-10 -49
-12 -49
-13 -48
-14 -48
-15 -48
-16 -47
-17 -47
-19 -46
-20 -46
-21 -45
-22 -45
-23 -44
-24 -44
-25 -43
-26 -43
-27 -42
-28 -41
-29 -41
-30 -40
-31 -39
-32 -38
-33 -37
-34 -37
-35 -36
-36 -35
-37 -34
-37 -33
-38 -32
-39 -31
-40 -30
-41 -29
-41 -28
-42 -27
-43 -26
-43 -25
-44 -24
-44 -23
-45 -22
-45 -21
-46 -20
-46 -19
-47 -17
-47 -16
-48 -15
-48 -14
-48 -13
-49 -12
-49 -10
-49 -9
-49 -8
-50 -7
-50 -6
-50 -4
-50 -3
-50 -2
-50 -1
-50 1
-50 2
-50 3
-50 4
-50 6
-50 7
-49 8
-49 9
-49 10
-49 12
-48 13
-48 14
-48 15
-47 16
-47 17
-46 19
-46 20
-45 21
-45 22
-44 23
-44 24
-43 25
-43 26
-42 27
-41 28
-41 29
-40 30
-39 31
-38 32
-37 33
-37 34
-36 35
-35 36
-34 37
-33 37
-32 38
-31 39
-30 40
-29 41
-28 41
-27 42
-26 43
-25 43
-24 44
-23 44
-22 45
-21 45
-20 46
-19 46
-17 47
-16 47
-15 48
-14 48
-13 48
-12 49
-10 49
-9 49
-8 49
-7 50
-6 50
-4 50
-3 50
-2 50
-1 50
1 50
2 50
3 50
4 50
6 50
7 50
8 49
9 49
10 49
12 49
13 48
14 48
15 48
16 47
17 47
19 46
20 46
21 45
22 45
23 44
24 44
25 43
26 43
27 42
28 41
29 41
30 40
31 39
32 38
33 37
34 37
35 36
36 35
37 34
37 33
38 32
39 31
40 30
41 29
41 28
42 27
43 26
43 25
44 24
44 23
45 22
45 21
46 20
46 19
47 17
47 16
48 15
48 14
48 13
49 12
49 10
49 9
49 8
50 7
50 6
50 4
50 3
50 2
50 1
50 -1
50 -2
50 -3
50 -4
50 -6
50 -7
49 -8
49 -9
49 -10
49 -12
48 -13
48 -14
48 -15
47 -16
47 -17
46 -19
46 -20
45 -21
45 -22
44 -23
44 -24
43 -25
43 -26
42 -27
41 -28
41 -29
40 -30
39 -31
38 -32
37 -33
37 -34
36 -35
35 -36
34 -37
33 -37
32 -38
31 -39
30 -40
29 -41
28 -41
27 -42
26 -43
25 -43
24 -44
23 -44
22 -45
21 -45
20 -46
19 -46
17 -47
16 -47
15 -48
14 -48
13 -48
12 -49
10 -49
9 -49
8 -49
7 -50
6 -50
4 -50
3 -50
2 -50

100 256 

1 -60
-1 -60
-2 -60
-4 -60
-5 -60
-7 -60
-8 -59
-10 -59
-11 -59
-12 -59
-14 -58
-15 -58
-17 -58
-18 -57
-20 -57
-21 -56
-22 -56
-24 -55
-25 -55
-26 -54
-28 -53
-29 -53
-30 -52
-31 -51
-33 -50
-34 -49
-35 -49
-36 -48
-37 -47
-39 -46
-40 -45
-41 -44
-42 -43
-43 -42
-44 -41
-45 -40
-46 -39
-47 -37
-48 -36
-49 -35
-49 -34
-50 -33
-51 -31
-52 -30
-53 -29
-53 -28
-54 -26
-55 -25
-55 -24
-56 -22
-56 -21
-57 -20
-57 -18
-58 -17
-58 -15
-58 -14
-59 -12
-59 -11
-59 -10
-59 -8
-60 -7
-60 -5
-60 -4
-60 -2
-60 -1
-60 1
-60 2
-60 4
-60 5
-60 7
-59 8
-59 10
-59 11
-59 12
-58 14
-58 15
-58 17
-57 18
-57 20
-56 21
-56 22
-55 24
-55 25
-54 26
-53 28
-53 29
-52 30
-51 31
-50 33
-49 34
-49 35
-48 36
-47 37
-46 39
-45 40
-44 41
-43 42
-42 43
-41 44
-40 45
-39 46
-37 47
-36 48
-35 49
-34 49
-33 50
-31 51
-30 52
-29 53
-28 53
-26 54
-25 55
-24 55
-22 56
-21 56
-20 57
-18 57
-17 58
-15 58
-14 58
-12 59
-11 59
-10 59
-8 59
-7 60
-5 60
-4 60
-2 60
-1 60
1 60
2 60
4 60
5 60
7 60
8 59
10 59
11 59
12 59
14 58
15 58
17 58
18 57
20 57
21 56
22 56
24 55
25 55
26 54
28 53
29 53
30 52
31 51
33 50
34 49
35 49
36 48
37 47
39 46
40 45
41 44
42 43
43 42
44 41
45 40
46 39
47 37
48 36
49 35
49 34
50 33
51 31
52 30
53 29
53 28
54 26
55 25
55 24
56 22
56 21
57 20
57 18
58 17
58 15
58 14
59 12
59 11
59 10
59 8
60 7
60 5
60 4
60 2
60 1
60 -1
60 -2
60 -4
60 -5
60 -7
59 -8
59 -10
59 -11
59 -12
58 -14
58 -15
58 -17
57 -18
57 -20
56 -21
56 -22
55 -24
55 -25
54 -26
53 -28
53 -29
52 -30
51 -31
50 -33
49 -34
49 -35
48 -36
47 -37
46 -39
45 -40
44 -41
43 -42
42 -43
41 -44
40 -45
39 -46
37 -47
36 -48
35 -49
34 -49
33 -50
31 -51
30 -52
29 -53
28 -53
26 -54
25 -55
24 -55
22 -56
21 -56
20 -57
18 -57
17 -58
15 -58
14 -58
12 -59
11 -59
10 -59
8 -59
7 -60
5 -60
4 -60
2 -60

110 256 

1 -65
-1 -65
-2 -65
-4 -65
-6 -65
-7 -65
-9 -64
-10 -64
-12 -64
-13 -64
-15 -63
-17 -63
-18 -62
-20 -62
-21 -61
-23 -61
-24 -60
-26 -60
-27 -59
-29 -58
-30 -58
-31 -57
-33 -56
-34 -55
-35 -54
-37 -54
-38 -53
-39 -52
-41 -51
-42 -50
-43 -49
-44 -48
-45 -47
-47 -45
-48 -44
-49 -43
-50 -42
-51 -41
-52 -39
-53 -38
-54 -37
-54 -35
-55 -34
-56 -33
-57 -31
-58 -30
-58 -29
-59 -27
-60 -26
-60 -24
-61 -23
-61 -21
-62 -20
-62 -18
-63 -17
-63 -15
-64 -13
-64 -12
-64 -10
-64 -9
-65 -7
-65 -6
-65 -4
-65 -2
-65 -1
-65 1
-65 2
-65 4
-65 6
-65 7
-64 9
-64 10
-64 12
-64 13
-63 15
-63 17
-62 18
-62 20
-61 21
-61 23
-60 24
-60 26
-59 27
-58 29
-58 30
-57 31
-56 33
-55 34
-54 35
-54 37
-53 38
-52 39
-51 41
-50 42
-49 43
-48 44
-47 45
-45 47
-44 48
-43 49
-42 50
-41 51
-39 52
-38 53
-37 54
-35 54
-34 55
-33 56
-31 57
-30 58
-29 58
-27 59
-26 60
-24 60
-23 61
-21 61
-20 62
-18 62
-17 63
-15 63
-13 64
-12 64
-10 64
-9 64
-7 65
-6 65
-4 65
-2 65
-1 65
1 65
2 65
4 65
6 65
7 65
9 64
10 64
12 64
13 64
15 63
17 63
18 62
20 62
21 61
23 61
24 60
26 60
27 59
29 58
30 58
31 57
33 56
34 55
35 54
37 54
38 53
39 52
41 51
42 50
43 49
44 48
45 47
47 45
48 44
49 43
50 42
51 41
52 39
53 38
54 37
54 35
55 34
56 33
57 31
58 30
58 29
59 27
60 26
60 24
61 23
61 21
62 20
62 18
63 17
63 15
64 13
64 12
64 10
64 9
65 7
65 6
65 4
65 2
65 1
65 -1
65 -2
65 -4
65 -6
65 -7
64 -9
64 -10
64 -12
64 -13
63 -15
63 -17
62 -18
62 -20
61 -21
61 -23
60 -24
60 -26
59 -27
58 -29
58 -30
57 -31
56 -33
55 -34
54 -35
54 -37
53 -38
52 -39
51 -41
50 -42
49 -43
48 -44
47 -45
45 -47
44 -48
43 -49
42 -50
41 -51
39 -52
38 -53
37 -54
35 -54
34 -55
33 -56
31 -57
30 -58
29 -58
27 -59
26 -60
24 -60
23 -61
21 -61
20 -62
18 -62
17 -63
15 -63
13 -64
12 -64
10 -64
9 -64
7 -65
6 -65
4 -65
2 -65

120 256 

1 -75
-1 -75
-3 -75
-5 -75
-6 -75
-8 -75
-10 -74
-12 -74
-14 -74
-16 -73
-17 -73
-19 -73
-21 -72
-23 -71
-24 -71
-26 -70
-28 -70
-30 -69
-31 -68
-33 -67
-35 -67
-36 -66
-38 -65
-39 -64
-41 -63
-42 -62
-44 -61
-45 -60
-47 -59
-48 -57
-50 -56
-51 -55
-52 -54
-54 -52
-55 -51
-56 -50
-57 -48
-59 -47
-60 -45
-61 -44
-62 -42
-63 -41
-64 -39
-65 -38
-66 -36
-67 -35
-67 -33
-68 -31
-69 -30
-70 -28
-70 -26
-71 -24
-71 -23
-72 -21
-73 -19
-73 -17
-73 -16
-74 -14
-74 -12
-74 -10
-75 -8
-75 -6
-75 -5
-75 -3
-75 -1
-75 1
-75 3
-75 5
-75 6
-75 8
-74 10
-74 12
-74 14
-73 16
-73 17
-73 19
-72 21
-71 23
-71 24
-70 26
-70 28
-69 30
-68 31
-67 33
-67 35
-66 36
-65 38
-64 39
-63 41
-62 42
-61 44
-60 45
-59 47
-57 48
-56 50
-55 51
-54 52
-52 54
-51 55
-50 56
-48 57
-47 59
-45 60
-44 61
-42 62
-41 63
-39 64
-38 65
-36 66
-35 67
-33 67
-31 68
-30 69
-28 70
-26 70
-24 71
-23 71
-21 72
-19 73
-17 73
-16 73
-14 74
-12 74
-10 74
-8 75
-6 75
-5 75
-3 75
-1 75
1 75
3 75
5 75
6 75
8 75
10 74
12 74
14 74
16 73
17 73
19 73
21 72
23 71
24 71
26 70
28 70
30 69
31 68
33 67
35 67
36 66
38 65
39 64
41 63
42 62
44 61
45 60
47 59
48 57
50 56
51 55
52 54
54 52
55 51
56 50
57 48
59 47
60 45
61 44
62 42
63 41
64 39
65 38
66 36
67 35
67 33
68 31
69 30
70 28
70 26
71 24
71 23
72 21
73 19
73 17
73 16
74 14
74 12
74 10
75 8
75 6
75 5
75 3
75 1
75 -1
75 -3
75 -5
75 -6
75 -8
74 -10
74 -12
74 -14
73 -16
73 -17
73 -19
72 -21
71 -23
71 -24
70 -26
70 -28
69 -30
68 -31
67 -33
67 -35
66 -36
65 -38
64 -39
63 -41
62 -42
61 -44
60 -45
59 -47
57 -48
56 -50
55 -51
54 -52
52 -54
51 -55
50 -56
48 -57
47 -59
45 -60
44 -61
42 -62
41 -63
39 -64
38 -65
36 -66
35 -67
33 -67
31 -68
30 -69
28 -70
26 -70
24 -71
23 -71
21 -72
19 -73
17 -73
16 -73
14 -74
12 -74
10 -74
8 -75
6 -75
5 -75
3 -75

125 256 

1 -75
-1 -75
-3 -75
-5 -75
-6 -75
-8 -75
-10 -74
-12 -74
-14 -74
-16 -73
-17 -73
-19 -73
-21 -72
-23 -71
-24 -71
-26 -70
-28 -70
-30 -69
-31 -68
-33 -67
-35 -67
-36 -66
-38 -65
-39 -64
-41 -63
-42 -62
-44 -61
-45 -60
-47 -59
-48 -57
-50 -56
-51 -55
-52 -54
-54 -52
-55 -51
-56 -50
-57 -48
-59 -47
-60 -45
-61 -44
-62 -42
-63 -41
-64 -39
-65 -38
-66 -36
-67 -35
-67 -33
-68 -31
-69 -30
-70 -28
-70 -26
-71 -24
-71 -23
-72 -21
-73 -19
-73 -17
-73 -16
-74 -14
-74 -12
-74 -10
-75 -8
-75 -6
-75 -5
-75 -3
-75 -1
-75 1
-75 3
-75 5
-75 6
-75 8
-74 10
-74 12
-74 14
-73 16
-73 17
-73 19
-72 21
-71 23
-71 24
-70 26
-70 28
-69 30
-68 31
-67 33
-67 35
-66 36
-65 38
-64 39
-63 41
-62 42
-61 44
-60 45
-59 47
-57 48
-56 50
-55 51
-54 52
-52 54
-51 55
-50 56
-48 57
-47 59
-45 60
-44 61
-42 62
-41 63
-39 64
-38 65
-36 66
-35 67
-33 67
-31 68
-30 69
-28 70
-26 70
-24 71
-23 71
-21 72
-19 73
-17 73
-16 73
-14 74
-12 74
-10 74
-8 75
-6 75
-5 75
-3 75
-1 75
1 75
3 75
5 75
6 75
8 75
10 74
12 74
14 74
16 73
17 73
19 73
21 72
23 71
24 71
26 70
28 70
30 69
31 68
33 67
35 67
36 66
38 65
39 64
41 63
42 62
44 61
45 60
47 59
48 57
50 56
51 55
52 54
54 52
55 51
56 50
57 48
59 47
60 45
61 44
62 42
63 41
64 39
65 38
66 36
67 35
67 33
68 31
69 30
70 28
70 26
71 24
71 23
72 21
73 19
73 17
73 16
74 14
74 12
74 10
75 8
75 6
75 5
75 3
75 1
75 -1
75 -3
75 -5
75 -6
75 -8
74 -10
74 -12
74 -14
73 -16
73 -17
73 -19
72 -21
71 -23
71 -24
70 -26
70 -28
69 -30
68 -31
67 -33
67 -35
66 -36
65 -38
64 -39
63 -41
62 -42
61 -44
60 -45
59 -47
57 -48
56 -50
55 -51
54 -52
52 -54
51 -55
50 -56
48 -57
47 -59
45 -60
44 -61
42 -62
41 -63
39 -64
38 -65
36 -66
35 -67
33 -67
31 -68
30 -69
28 -70
26 -70
24 -71
23 -71
21 -72
19 -73
17 -73
16 -73
14 -74
12 -74
10 -74
8 -75
6 -75
5 -75
3 -75

135 256 

1 -65
-1 -65
-2 -65
-4 -65
-6 -65
-7 -65
-9 -64
-10 -64
-12 -64
-13 -64
-15 -63
-17 -63
-18 -62
-20 -62
-21 -61
-23 -61
-24 -60
-26 -60
-27 -59
-29 -58
-30 -58
-31 -57
-33 -56
-34 -55
-35 -54
-37 -54
-38 -53
-39 -52
-41 -51
-42 -50
-43 -49
-44 -48
-45 -47
-47 -45
-48 -44
-49 -43
-50 -42
-51 -41
-52 -39
-53 -38
-54 -37
-54 -35
-55 -34
-56 -33
-57 -31
-58 -30
-58 -29
-59 -27
-60 -26
-60 -24
-61 -23
-61 -21
-62 -20
-62 -18
-63 -17
-63 -15
-64 -13
-64 -12
-64 -10
-64 -9
-65 -7
-65 -6
-65 -4
-65 -2
-65 -1
-65 1
-65 2
-65 4
-65 6
-65 7
-64 9
-64 10
-64 12
-64 13
-63 15
-63 17
-62 18
-62 20
-61 21
-61 23
-60 24
-60 26
-59 27
-58 29
-58 30
-57 31
-56 33
-55 34
-54 35
-54 37
-53 38
-52 39
-51 41
-50 42
-49 43
-48 44
-47 45
-45 47
-44 48
-43 49
-42 50
-41 51
-39 52
-38 53
-37 54
-35 54
-34 55
-33 56
-31 57
-30 58
-29 58
-27 59
-26 60
-24 60
-23 61
-21 61
-20 62
-18 62
-17 63
-15 63
-13 64
-12 64
-10 64
-9 64
-7 65
-6 65
-4 65
-2 65
-1 65
1 65
2 65
4 65
6 65
7 65
9 64
10 64
12 64
13 64
15 63
17 63
18 62
20 62
21 61
23 61
24 60
26 60
27 59
29 58
30 58
31 57
33 56
34 55
35 54
37 54
38 53
39 52
41 51
42 50
43 49
44 48
45 47
47 45
48 44
49 43
50 42
51 41
52 39
53 38
54 37
54 35
55 34
56 33
57 31
58 30
58 29
59 27
60 26
60 24
61 23
61 21
62 20
62 18
63 17
63 15
64 13
64 12
64 10
64 9
65 7
65 6
65 4
65 2
65 1
65 -1
65 -2
65 -4
65 -6
65 -7
64 -9
64 -10
64 -12
64 -13
63 -15
63 -17
62 -18
62 -20
61 -21
61 -23
60 -24
60 -26
59 -27
58 -29
58 -30
57 -31
56 -33
55 -34
54 -35
54 -37
53 -38
52 -39
51 -41
50 -42
49 -43
48 -44
47 -45
45 -47
44 -48
43 -49
42 -50
41 -51
39 -52
38 -53
37 -54
35 -54
34 -55
33 -56
31 -57
30 -58
29 -58
27 -59
26 -60
24 -60
23 -61
21 -61
20 -62
18 -62
17 -63
15 -63
13 -64
12 -64
10 -64
9 -64
7 -65
6 -65
4 -65
2 -65

145 256 

1 -60
-1 -60
-2 -60
-4 -60
-5 -60
-7 -60
-8 -59
-10 -59
-11 -59
-12 -59
-14 -58
-15 -58
-17 -58
-18 -57
-20 -57
-21 -56
-22 -56
-24 -55
-25 -55
-26 -54
-28 -53
-29 -53
-30 -52
-31 -51
-33 -50
-34 -49
-35 -49
-36 -48
-37 -47
-39 -46
-40 -45
-41 -44
-42 -43
-43 -42
-44 -41
-45 -40
-46 -39
-47 -37
-48 -36
-49 -35
-49 -34
-50 -33
-51 -31
-52 -30
-53 -29
-53 -28
-54 -26
-55 -25
-55 -24
-56 -22
-56 -21
-57 -20
-57 -18
-58 -17
-58 -15
-58 -14
-59 -12
-59 -11
-59 -10
-59 -8
-60 -7
-60 -5
-60 -4
-60 -2
-60 -1
-60 1
-60 2
-60 4
-60 5
-60 7
-59 8
-59 10
-59 11
-59 12
-58 14
-58 15
-58 17
-57 18
-57 20
-56 21
-56 22
-55 24
-55 25
-54 26
-53 28
-53 29
-52 30
-51 31
-50 33
-49 34
-49 35
-48 36
-47 37
-46 39
-45 40
-44 41
-43 42
-42 43
-41 44
-40 45
-39 46
-37 47
-36 48
-35 49
-34 49
-33 50
-31 51
-30 52
-29 53
-28 53
-26 54
-25 55
-24 55
-22 56
-21 56
-20 57
-18 57
-17 58
-15 58
-14 58
-12 59
-11 59
-10 59
-8 59
-7 60
-5 60
-4 60
-2 60
-1 60
1 60
2 60
4 60
5 60
7 60
8 59
10 59
11 59
12 59
14 58
15 58
17 58
18 57
20 57
21 56
22 56
24 55
25 55
26 54
28 53
29 53
30 52
31 51
33 50
34 49
35 49
36 48
37 47
39 46
40 45
41 44
42 43
43 42
44 41
45 40
46 39
47 37
48 36
49 35
49 34
50 33
51 31
52 30
53 29
53 28
54 26
55 25
55 24
56 22
56 21
57 20
57 18
58 17
58 15
58 14
59 12
59 11
59 10
59 8
60 7
60 5
60 4
60 2
60 1
60 -1
60 -2
60 -4
60 -5
60 -7
59 -8
59 -10
59 -11
59 -12
58 -14
58 -15
58 -17
57 -18
57 -20
56 -21
56 -22
55 -24
55 -25
54 -26
53 -28
53 -29
52 -30
51 -31
50 -33
49 -34
49 -35
48 -36
47 -37
46 -39
45 -40
44 -41
43 -42
42 -43
41 -44
40 -45
39 -46
37 -47
36 -48
35 -49
34 -49
33 -50
31 -51
30 -52
29 -53
28 -53
26 -54
25 -55
24 -55
22 -56
21 -56
20 -57
18 -57
17 -58
15 -58
14 -58
12 -59
11 -59
10 -59
8 -59
7 -60
5 -60
4 -60
2 -60

148 256 

0 -35
0 -35
-1 -35
-2 -35
-3 -35
-4 -35
-5 -35
-6 -35
-6 -34
-7 -34
-8 -34
-9 -34
-10 -34
-11 -33
-11 -33
-12 -33
-13 -32
-14 -32
-15 -32
-15 -31
-16 -31
-17 -31
-18 -30
-18 -30
-19 -29
-20 -29
-21 -28
-21 -28
-22 -27
-23 -27
-23 -26
-24 -26
-24 -25
-25 -24
-26 -24
-26 -23
-27 -23
-27 -22
-28 -21
-28 -21
-29 -20
-29 -19
-30 -18
-30 -18
-31 -17
-31 -16
-31 -15
-32 -15
-32 -14
-32 -13
-33 -12
-33 -11
-33 -11
-34 -10
-34 -9
-34 -8
-34 -7
-34 -6
-35 -6
-35 -5
-35 -4
-35 -3
-35 -2
-35 -1
-35 0
-35 0
-35 1
-35 2
-35 3
-35 4
-35 5
-35 6
-34 6
-34 7
-34 8
-34 9
-34 10
-33 11
-33 11
-33 12
-32 13
-32 14
-32 15
-31 15
-31 16
-31 17
-30 18
-30 18
-29 19
-29 20
-28 21
-28 21
-27 22
-27 23
-26 23
-26 24
-25 24
-24 25
-24 26
-23 26
-23 27
-22 27
-21 28
-21 28
-20 29
-19 29
-18 30
-18 30
-17 31
-16 31
-15 31
-15 32
-14 32
-13 32
-12 33
-11 33
-11 33
-10 34
-9 34
-8 34
-7 34
-6 34
-6 35
-5 35
-4 35
-3 35
-2 35
-1 35
0 35
0 35
1 35
2 35
3 35
4 35
5 35
6 35
6 34
7 34
8 34
9 34
10 34
11 33
11 33
12 33
13 32
14 32
15 32
15 31
16 31
17 31
18 30
18 30
19 29
20 29
21 28
21 28
22 27
23 27
23 26
24 26
24 25
25 24
26 24
26 23
27 23
27 22
28 21
28 21
29 20
29 19
30 18
30 18
31 17
31 16
31 15
32 15
32 14
32 13
33 12
33 11
33 11
34 10
34 9
34 8
34 7
34 6
35 6
35 5
35 4
35 3
35 2
35 1
35 0
35 0
35 -1
35 -2
35 -3
35 -4
35 -5
35 -6
34 -6
34 -7
34 -8
34 -9
34 -10
33 -11
33 -11
33 -12
32 -13
32 -14
32 -15
31 -15
31 -16
31 -17
30 -18
30 -18
29 -19
29 -20
28 -21
28 -21
27 -22
27 -23
26 -23
26 -24
25 -24
24 -25
24 -26
23 -26
23 -27
22 -27
21 -28
21 -28
20 -29
19 -29
18 -30
18 -30
17 -31
16 -31
15 -31
15 -32
14 -32
13 -32
12 -33
11 -33
11 -33
10 -34
9 -34
8 -34
7 -34
6 -34
6 -35
5 -35
4 -35
3 -35
2 -35
1 -35

153 256 

0 -35
0 -35
-1 -35
-2 -35
-3 -35
-4 -35
-5 -35
-6 -35
-6 -34
-7 -34
-8 -34
-9 -34
-10 -34
-11 -33
-11 -33
-12 -33
-13 -32
-14 -32
-15 -32
-15 -31
-16 -31
-17 -31
-18 -30
-18 -30
-19 -29
-20 -29
-21 -28
-21 -28
-22 -27
-23 -27
-23 -26
-24 -26
-24 -25
-25 -24
-26 -24
-26 -23
-27 -23
-27 -22
-28 -21
-28 -21
-29 -20
-29 -19
-30 -18
-30 -18
-31 -17
-31 -16
-31 -15
-32 -15
-32 -14
-32 -13
-33 -12
-33 -11
-33 -11
-34 -10
-34 -9
-34 -8
-34 -7
-34 -6
-35 -6
-35 -5
-35 -4
-35 -3
-35 -2
-35 -1
-35 0
-35 0
-35 1
-35 2
-35 3
-35 4
-35 5
-35 6
-34 6
-34 7
-34 8
-34 9
-34 10
-33 11
-33 11
-33 12
-32 13
-32 14
-32 15
-31 15
-31 16
-31 17
-30 18
-30 18
-29 19
-29 20
-28 21
-28 21
-27 22
-27 23
-26 23
-26 24
-25 24
-24 25
-24 26
-23 26
-23 27
-22 27
-21 28
-21 28
-20 29
-19 29
-18 30
-18 30
-17 31
-16 31
-15 31
-15 32
-14 32
-13 32
-12 33
-11 33
-11 33
-10 34
-9 34
-8 34
-7 34
-6 34
-6 35
-5 35
-4 35
-3 35
-2 35
-1 35
0 35
0 35
1 35
2 35
3 35
4 35
5 35
6 35
6 34
7 34
8 34
9 34
10 34
11 33
11 33
12 33
13 32
14 32
15 32
15 31
16 31
17 31
18 30
18 30
19 29
20 29
21 28
21 28
22 27
23 27
23 26
24 26
24 25
25 24
26 24
26 23
27 23
27 22
28 21
28 21
29 20
29 19
30 18
30 18
31 17
31 16
31 15
32 15
32 14
32 13
33 12
33 11
33 11
34 10
34 9
34 8
34 7
34 6
35 6
35 5
35 4
35 3
35 2
35 1
35 0
35 0
35 -1
35 -2
35 -3
35 -4
35 -5
35 -6
34 -6
34 -7
34 -8
34 -9
34 -10
33 -11
33 -11
33 -12
32 -13
32 -14
32 -15
31 -15
31 -16
31 -17
30 -18
30 -18
29 -19
29 -20
28 -21
28 -21
27 -22
27 -23
26 -23
26 -24
25 -24
24 -25
24 -26
23 -26
23 -27
22 -27
21 -28
21 -28
20 -29
19 -29
18 -30
18 -30
17 -31
16 -31
15 -31
15 -32
14 -32
13 -32
12 -33
11 -33
11 -33
10 -34
9 -34
8 -34
7 -34
6 -34
6 -35
5 -35
4 -35
3 -35
2 -35
1 -35

155 256 

0 -15
0 -15
-1 -15
-1 -15
-1 -15
-2 -15
-2 -15
-2 -15
-3 -15
-3 -15
-3 -15
-4 -15
-4 -14
-5 -14
-5 -14
-5 -14
-6 -14
-6 -14
-6 -14
-7 -13
-7 -13
-7 -13
-8 -13
-8 -13
-8 -13
-8 -12
-9 -12
-9 -12
-9 -12
-10 -11
-10 -11
-10 -11
-10 -11
-11 -10
-11 -10
-11 -10
-11 -10
-12 -9
-12 -9
-12 -9
-12 -8
-13 -8
-13 -8
-13 -8
-13 -7
-13 -7
-13 -7
-14 -6
-14 -6
-14 -6
-14 -5
-14 -5
-14 -5
-14 -4
-15 -4
-15 -3
-15 -3
-15 -3
-15 -2
-15 -2
-15 -2
-15 -1
-15 -1
-15 -1
-15 0
-15 0
-15 1
-15 1
-15 1
-15 2
-15 2
-15 2
-15 3
-15 3
-15 3
-15 4
-14 4
-14 5
-14 5
-14 5
-14 6
-14 6
-14 6
-13 7
-13 7
-13 7
-13 8
-13 8
-13 8
-12 8
-12 9
-12 9
-12 9
-11 10
-11 10
-11 10
-11 10
-10 11
-10 11
-10 11
-10 11
-9 12
-9 12
-9 12
-8 12
-8 13
-8 13
-8 13
-7 13
-7 13
-7 13
-6 14
-6 14
-6 14
-5 14
-5 14
-5 14
-4 14
-4 15
-3 15
-3 15
-3 15
-2 15
-2 15
-2 15
-1 15
-1 15
-1 15
0 15
0 15
1 15
1 15
1 15
2 15
2 15
2 15
3 15
3 15
3 15
4 15
4 14
5 14
5 14
5 14
6 14
6 14
6 14
7 13
7 13
7 13
8 13
8 13
8 13
8 12
9 12
9 12
9 12
10 11
10 11
10 11
10 11
11 10
11 10
11 10
11 10
12 9
12 9
12 9
12 8
13 8
13 8
13 8
13 7
13 7
13 7
14 6
14 6
14 6
14 5
14 5
14 5
14 4
15 4
15 3
15 3
15 3
15 2
15 2
15 2
15 1
15 1
15 1
15 0
15 0
15 -1
15 -1
15 -1
15 -2
15 -2
15 -2
15 -3
15 -3
15 -3
15 -4
14 -4
14 -5
14 -5
14 -5
14 -6
14 -6
14 -6
13 -7
13 -7
13 -7
13 -8
13 -8
13 -8
12 -8
12 -9
12 -9
12 -9
11 -10
11 -10
11 -10
11 -10
10 -11
10 -11
10 -11
10 -11
9 -12
9 -12
9 -12
8 -12
8 -13
8 -13
8 -13
7 -13
7 -13
7 -13
6 -14
6 -14
6 -14
5 -14
5 -14
5 -14
4 -14
4 -15
3 -15
3 -15
3 -15
2 -15
2 -15
2 -15
1 -15
1 -15
1 -15

170 256 

0 -15
0 -15
-1 -15
-1 -15
-1 -15
-2 -15
-2 -15
-2 -15
-3 -15
-3 -15
-3 -15
-4 -15
-4 -14
-5 -14
-5 -14
-5 -14
-6 -14
-6 -14
-6 -14
-7 -13
-7 -13
-7 -13
-8 -13
-8 -13
-8 -13
-8 -12
-9 -12
-9 -12
-9 -12
-10 -11
-10 -11
-10 -11
-10 -11
-11 -10
-11 -10
-11 -10
-11 -10
-12 -9
-12 -9
-12 -9
-12 -8
-13 -8
-13 -8
-13 -8
-13 -7
-13 -7
-13 -7
-14 -6
-14 -6
-14 -6
-14 -5
-14 -5
-14 -5
-14 -4
-15 -4
-15 -3
-15 -3
-15 -3
-15 -2
-15 -2
-15 -2
-15 -1
-15 -1
-15 -1
-15 0
-15 0
-15 1
-15 1
-15 1
-15 2
-15 2
-15 2
-15 3
-15 3
-15 3
-15 4
-14 4
-14 5
-14 5
-14 5
-14 6
-14 6
-14 6
-13 7
-13 7
-13 7
-13 8
-13 8
-13 8
-12 8
-12 9
-12 9
-12 9
-11 10
-11 10
-11 10
-11 10
-10 11
-10 11
-10 11
-10 11
-9 12
-9 12
-9 12
-8 12
-8 13
-8 13
-8 13
-7 13
-7 13
-7 13
-6 14
-6 14
-6 14
-5 14
-5 14
-5 14
-4 14
-4 15
-3 15
-3 15
-3 15
-2 15
-2 15
-2 15
-1 15
-1 15
-1 15
0 15
0 15
1 15
1 15
1 15
2 15
2 15
2 15
3 15
3 15
3 15
4 15
4 14
5 14
5 14
5 14
6 14
6 14
6 14
7 13
7 13
7 13
8 13
8 13
8 13
8 12
9 12
9 12
9 12
10 11
10 11
10 11
10 11
11 10
11 10
11 10
11 10
12 9
12 9
12 9
12 8
13 8
13 8
13 8
13 7
13 7
13 7
14 6
14 6
14 6
14 5
14 5
14 5
14 4
15 4
15 3
15 3
15 3
15 2
15 2
15 2
15 1
15 1
15 1
15 0
15 0
15 -1
15 -1
15 -1
15 -2
15 -2
15 -2
15 -3
15 -3
15 -3
15 -4
14 -4
14 -5
14 -5
14 -5
14 -6
14 -6
14 -6
13 -7
13 -7
13 -7
13 -8
13 -8
13 -8
12 -8
12 -9
12 -9
12 -9
11 -10
11 -10
11 -10
11 -10
10 -11
10 -11
10 -11
10 -11
9 -12
9 -12
9 -12
8 -12
8 -13
8 -13
8 -13
7 -13
7 -13
7 -13
6 -14
6 -14
6 -14
5 -14
5 -14
5 -14
4 -14
4 -15
3 -15
3 -15
3 -15
2 -15
2 -15
2 -15
1 -15
1 -15
1 -15