10
0 55
0 -90
-10 -89
-20 -88
-30 -85
-40 -81
-49 -76
-57 -70
-65 -63
-71 -55
-77 -46
-82 -37
-86 -28
-88 -18
-90 -8
-90 3
-89 13
-87 23
-84 33
-80 42
-74 51
-68 59
-61 66
-53 73
-44 78
-35 83
-25 86
-15 89
-5 90
5 90
15 89
25 86
35 83
44 78
53 73
61 66
68 59
74 51
80 42
84 33
87 23
89 13
90 3
90 -8
88 -18
86 -28
82 -37
77 -46
71 -55
65 -63
57 -70
49 -76
40 -81
30 -85
20 -88
10 -89
10 32
8 -77
-8 -77
-22 -74
-36 -68
-49 -60
-60 -49
-68 -36
-74 -22
-77 -8
-77 8
-74 22
-68 36
-60 49
-49 60
-36 68
-22 74
-8 77
8 77
22 74
36 68
49 60
60 49
68 36
74 22
77 8
77 -8
74 -22
68 -36
60 -49
49 -60
36 -68
22 -74
18 23
0 -57
-15 -55
-30 -49
-42 -39
-51 -26
-56 -12
-57 4
-54 19
-47 33
-36 44
-23 52
-8 56
8 56
23 52
36 44
47 33
54 19
57 4
56 -12
51 -26
42 -39
30 -49
15 -55
24 21
0 -50
-15 -48
-28 -41
-39 -31
-47 -18
-50 -4
-49 11
-43 25
-34 37
-22 45
-7 49
7 49
22 45
34 37
43 25
49 11
50 -4
47 -18
39 -31
28 -41
15 -48
32 14
8 -34
-8 -34
-22 -27
-32 -15
-35 0
-32 15
-22 27
-8 34
8 34
22 27
32 15
35 0
32 -15
22 -27
40 9
0 -27
-17 -21
-27 -5
-23 13
-9 25
9 25
23 14
27 -5
17 -21
47 8
9 -22
-9 -22
-22 -9
-22 9
-9 22
9 22
22 9
22 -9
55 6
10 -17
-10 -17
-20 0
-10 17
10 17
20 0
61 4
11 -11
-11 -11
-11 11
11 11
65 1
0 0