14
0 32

4 -40
-4 -40
-12 -38
-19 -35
-25 -31
-31 -25
-35 -19
-38 -12
-40 -4
-40 4
-38 12
-35 19
-31 25
-25 31
-19 35
-12 38
-4 40
4 40
12 38
19 35
25 31
31 25
35 19
38 12
40 4
40 -4
38 -12
35 -19
31 -25
25 -31
19 -35
12 -38

30 32

4 -40
-4 -40
-12 -38
-19 -35
-25 -31
-31 -25
-35 -19
-38 -12
-40 -4
-40 4
-38 12
-35 19
-31 25
-25 31
-19 35
-12 38
-4 40
4 40
12 38
19 35
25 31
31 25
35 19
38 12
40 4
40 -4
38 -12
35 -19
31 -25
25 -31
19 -35
12 -38

40 32

3 -30
-3 -30
-9 -29
-14 -26
-19 -23
-23 -19
-26 -14
-29 -9
-30 -3
-30 3
-29 9
-26 14
-23 19
-19 23
-14 26
-9 29
-3 30
3 30
9 29
14 26
19 23
23 19
26 14
29 9
30 3
30 -3
29 -9
26 -14
23 -19
19 -23
14 -26
9 -29

50 32

2 -22
-2 -22
-6 -21
-10 -19
-14 -17
-17 -14
-19 -10
-21 -6
-22 -2
-22 2
-21 6
-19 10
-17 14
-14 17
-10 19
-6 21
-2 22
2 22
6 21
10 19
14 17
17 14
19 10
21 6
22 2
22 -2
21 -6
19 -10
17 -14
14 -17
10 -19
6 -21

60 32

2 -20
-2 -20
-6 -19
-9 -18
-13 -15
-15 -13
-18 -9
-19 -6
-20 -2
-20 2
-19 6
-18 9
-15 13
-13 15
-9 18
-6 19
-2 20
2 20
6 19
9 18
13 15
15 13
18 9
19 6
20 2
20 -2
19 -6
18 -9
15 -13
13 -15
9 -18
6 -19

90 32

2 -20
-2 -20
-6 -19
-9 -18
-13 -15
-15 -13
-18 -9
-19 -6
-20 -2
-20 2
-19 6
-18 9
-15 13
-13 15
-9 18
-6 19
-2 20
2 20
6 19
9 18
13 15
15 13
18 9
19 6
20 2
20 -2
19 -6
18 -9
15 -13
13 -15
9 -18
6 -19

92 32

1 -10
-1 -10
-3 -10
-5 -9
-6 -8
-8 -6
-9 -5
-10 -3
-10 -1
-10 1
-10 3
-9 5
-8 6
-6 8
-5 9
-3 10
-1 10
1 10
3 10
5 9
6 8
8 6
9 5
10 3
10 1
10 -1
10 -3
9 -5
8 -6
6 -8
5 -9
3 -10

97 32

1 -10
-1 -10
-3 -10
-5 -9
-6 -8
-8 -6
-9 -5
-10 -3
-10 -1
-10 1
-10 3
-9 5
-8 6
-6 8
-5 9
-3 10
-1 10
1 10
3 10
5 9
6 8
8 6
9 5
10 3
10 1
10 -1
10 -3
9 -5
8 -6
6 -8
5 -9
3 -10

100 4
3 5
3 -5
-3 -5 
-3 5

110 4
3 5
3 -5
-3 -5 
-3 5

111 4
3 8
3 -8
-3 -8 
-3 8

116 4
3 8
3 -8
-3 -8 
-3 8

117 4
3 5
3 -5
-3 -5 
-3 5

122 4
3 5
3 -5
-3 -5 
-3 5